0.4291368404775889
0.33969489241504863
0.11969945405035386
0.27887087458443893
0.3633586942892611
0.35029628369769394
0.10359705855187809
0.2970425376294397
0.14762486760442645
0.3242158414062507
-0.6537254883006943
-0.5212710652107805
-0.18684360988342014
0.09621629734592627
-0.17584811943950324
0.10604531929973286
0.35496709186590747
0.4095841079708193
0.3766113989817065
0.8471126422455008
0.6207714053092375
0.689029495633273
0.7702319633657932
0.8559221761130135
0.8240341259724918
0.673691362133703
0.6956181352650794
0.610667997253013
0.38565293317449945
0.259380121891087
0.3645331444790279
0.7479949188714656
0.5449271447446651
0.5397522333078353
0.5735255090125433
0.36847332016876244
0.711277686162548
0.4966110262732878
0.47706134112292564
0.5147870541589726
0.5889095320863622
0.8363282537852952
0.6125012842187504
0.36092143693828105
0.4083541188204269
0.243662548396018
0.4149865026798205
0.538013505447725
0.5554284118263604
0.40368039343874174
0.25755258746156234
0.18972120450925858
-0.09814885846002401
0.36517375632747173
0.14171029355701875
0.36317994681298976
0.29245656852329255
0.11865734786579712
0.8373724291199762
0.6710466496723508
0.6164945154667624
0.2337793431327252
0.1947766932696107
0.1877251357562354
0.3479224995143609
0.0012407023161779477
0.04897959743870673
-0.21918145728482855
-0.6695700437753219
-0.17874617873974785
0.004859721721115208
-0.25205154018953346
0.07344181953299415
0.1048224022810847
0.49845097294234464
-0.07858748910762327
0.28713392353585804
0.7183183960390482
0.7014328923093633
0.6474234271604973
0.5746112721005028
0.7559893821859055
0.9352044736635843
0.5244710668139693
0.7612719898477273
0.9155529871142352
1.117188047070676
0.8538894693349744
0.826379924377616
0.8503806642056915
1.2888560724284561
1.0314216477774623
0.6768325292152598
0.7888303281116356
0.21659787179763532
0.3676979278439616
0.44364564379138877
0.7398854131655748
0.7601422377508311
0.6644276089252891
0.7160811652866842
0.6482182690691651
0.8372075146800247
0.7327321020394258
0.7429087112328836
1.1302371913482878
1.211798881892371
1.240043563234044
1.0773093860461485
0.8942337797892775
0.8610388760847911
0.7325514101158982
0.946463053921022
-0.05924168423419206
-0.23958054564222891
-0.15781940046473145
-0.19578161471992725
-0.14015456661268824
-0.11834963903339916
0.23542166498025477
0.2372053244908773
0.02590053720499637
-0.17264421543005357
0.25517797684893784
0.24919986178195044
0.2899929676298057
0.43477835190913633
0.6305523264602562
0.8573199662385351
0.4371230133465115
0.8511403018353736
1.2435184951907787
1.0322321213673198
0.9953162209849613
1.1466185812064955
1.3415094523383966
0.8319353534333981
0.790176479537477
1.3343463573761736
0.7550445541825844
0.9389237225798903
-0.9004351663933438
-1.1479483672793338
0.20658051312691064
0.9705986251340434
-1.194732160483945
0.47073048673615525
0.1911777956035163
0.8386904858843415
-2.2967294246819154
-2.4916758238068417
-1.3574911497897408
-0.8775541247794965
-1.849340138801447
-1.7352996784931511
-2.5241973444233516
-1.919549930287708
-1.8506523027731179
-1.7030641403632656
-2.318079014142769
-2.729955771793061
-1.606151890253549
-0.5713470376029057
-0.001327133593228523
-0.09003491850514438
0.21569069073546737
0.5210000309402725
0.39910737012766695
0.6086966855178292
0.6498777693674963
0.9715080169999424
0.8153886958700092
0.4081691147125695
1.0264792097658657
1.1820360479028995
1.05467242499929
1.0397170185643367
1.3176407047585164
0.5124875134759416
1.0379614001778394
0.718587400291511
0.9900615819212606
1.055407725294099
0.07260681853446006
0.6321519390712901
0.7644834867209358
1.005728647676242
0.20878550859066208
0.5487856006877766
0.5531445315656756
0.6312385791655548
0.850191993750618
0.9277902979869107
0.4664477829725368
0.5761912169002871
0.27635258547193875
0.19043142892339712
0.19314568856485792
-0.5030175017798495
0.1528300544165759
-0.14586865487330608
0.08802542584351641
0.243865134150407
-0.30446431571687854
-0.2775648857993277
-0.10284877224148173
-0.35299814412512864
-0.22173518577605447
-0.4005980155789762
-1.312239393721524
-2.6812634772459307
-1.3297531730088297
-0.41192256032544344
0.01007947507191039
-0.3597926394050633
0.24439689207358253
0.32563391953325377
0.3215944507541802
0.39959317826814006
0.2857694717703595
0.7060928987547662
1.0208118095688754
-0.32546959408533843
-2.4910109339851467
-0.6943498408757377
0.4033274073441368
0.2863497819482497
0.7983467611277548
0.5609180133098344
0.07995484320338436
-0.10431198643346302
-1.1711839774351613
-2.1892976717105985
-1.9355516293932786
-0.8963513672051711
-0.7913729580858748
-0.8172847532763438
-0.06325616996469641
-0.10312797828279162
-0.07397761977499714
0.26402792090434785
0.4972003061423381
-0.7612608163507969
-2.160312749685272
-2.026989392275417
-1.3525008710608641
-1.140077470423878
-0.6612845081886397
-0.8993588009774495
-0.20666515352103407
0.2589952020845006
0.6113727641198897
0.10173752846051615
0.2764075034622352
-0.9223357771804596
-0.04904903634629816
0.17098308860340528
0.5125172522852691
-0.5906784298295354
0.0738033316176667
0.07457352956358637
0.34949205501725433
0.9138383630214953
0.24139794580194593
-0.19085775716232467
0.9963995482716319
1.1839713616001044
0.7231883249473064
0.36211091446120336
-0.5926376307145547
0.30710369376487967
-0.31734431499263577
-0.26074349235194644
-0.3992247537570879
-0.43534365573992045
-0.8696802268549844
-0.16110780722932067
-0.8697840135091907
-0.9556168742840634
-1.0942200211134272
-0.8129503114096702
-1.017423281783908
-1.1413999524534635
-1.235304337057175
-0.9875510867973918
-1.0841582585807075
-0.8108975544813423
-0.4156597597540244
-0.11873479969709014
-1.3546885829816426
-0.7971874494744822
-0.9490529584772829
-0.008126219606130618
0.34794771850124934
-0.030548508903430218
0.23251372443827092
0.1789461171511144
0.5808028078748733
0.6193496485377369
0.6597500778548971
0.48833828504118865
0.5923697610232149
0.09769937301813854
-0.8545520817123149
-1.4893959414127558
-2.3446192628930533
-1.3013531509324425
-2.5424149071892757
-0.35948287136869533
-2.569091959672192
-1.5096532736435
-0.33007245447463757
-0.6024038140521744
-0.07489720955545133
0.2890361760417556
0.22971782131197757
0.5035227388387654
0.668113324300389
0.5938604362819068
0.20279000960231455
0.28092013143995503
0.36840033882635737
0.5945421687779407
0.9626152328117231
1.1896946610330215
0.35371810501661527
-2.1731513218272744
-0.5671230872469178
0.20508942713944797
-2.5210305360724115
-0.45377715045852307
0.22180481184024747
0.14058984201986363
0.04441840292645335
-0.24841709738809806
-0.31217760206178813
0.014255837728884335
0.15346448759197917
0.2462393171774358
0.11854069982861554
0.12307313196907889
0.025199503484941477
0.4735541973781877
0.5978412593834371
0.28917933789057493
0.5862228981359853
0.6487874809723267
0.42619689285071005
0.3682858926883795
0.19885248615060866
0.25551132563087103
0.004107506818491393
0.20023194470922115
0.6341986374792502
-0.9205770590376177
-0.48351608703464916
0.1821534278927893
-0.4999482766762304
-0.21833123845701852
0.8787360032395335
1.0995280802914011
-0.4595983723721738
0.1437447225458396
0.4848233025965493
0.12067868860986145
0.7630889298792418
0.509326412445689
0.3263312031678552
-0.07642350397705946
0.7103104560257981
1.5835668740373265
0.40015584452665104
0.4158578431728566
0.7392950945051895
0.7062024130234287
0.9669585330046397
0.717521673721121
1.1582596690025764
0.7334390487296962
0.18493042237106172
-0.30044254764162165
0.34049933769633595
0.48780506206675045
0.7453264282393482
0.7200546668136993
0.12758860338467126
0.5194231313481585
1.1932535763424381
0.5938365915679467
0.6670171793856943
0.5800878228073163
0.3667222090413282
0.4784994507926113
0.28312083178372444
0.6221512688745107
-0.39655092028144195
0.22872196081134183
0.6034305916368891
0.7291538906080325
0.5179810850001939
0.060230843606338895
-0.6270877131394079
-0.25532899951421384
0.18238205174463393
0.6438814484255918
-0.19363344928258108
0.08238801183580603
0.002238024005161487
-0.2835501774122914
-1.8247550375160368
-1.4519118291212
-0.6242621015390631
-0.06192594833802665
0.10045360399443563
-0.00402030136212323
-0.718155077216524
-0.5584001416878406
-0.1581577280882992
-0.2814387651518261
-1.9595219726566964
-0.3449835797919115
0.19198041707678465
-0.0012478202965364989
-1.2662980522411833
-1.279099095454465
-1.6924363745961137
-1.1193017841460955
-0.8995358994043336
-1.147497807999156
-1.5702109593215194
-2.2519296675563787
-2.350432006038043
-1.5839043508960493
-1.06204098058735
-0.8478435301133292
-0.23661764351833098
-0.46539305454746965
-0.476827180976254
-1.100436172756895
-0.957290252164637
-0.05760255514363444
-0.7504212486833727
-0.4554323884323866
-0.425110976012928
-0.019366907136458437
0.38048210961510726
0.07201704865846355
-0.5969576513704212
-0.24831056261740023
0.19358544239883024
0.44591492223135204
0.4621262148669633
0.46764109292635414
0.4773757255538656
0.5687470310129834
0.568693197000367
0.11855173707233481
0.517611518279433
0.43216576002659385
0.10680301284103637
-1.51296403718525
-1.8725781836494835
-1.4822096000629303
-1.41479139847683
-2.2472579837893196
-0.9195093322432036
-0.1478198442689531
-0.9006920959646348
-0.5822220171952326
-0.6640629166882447
-0.7223262230022945
-2.3128195609584417
-1.4424530298722016
-0.7192768664911252
-0.3191868832439359
-0.2504453783518033
-1.665418213046143
-1.572207732968972
-1.39808444250132
-1.87308470028174
-2.1552576527494556
-1.3575952403410911
-2.3505846006148774
-2.4332289093697406
-1.0836215371694307
0.11423074901987108
0.18031256358234637
0.05424666315909525
-0.21594396454969306
0.1955127745103222
-0.27909937485790864
0.13777243776856174
0.5689168174875818
0.44052245624772224
0.40683462281228006
0.47658897101145425
0.2418862239134814
0.52277743903832
0.42413590188901196
0.4108512886128384
0.4561458352952747
0.25963927898457745
-1.7852757222259419
-1.0533400195780356
-0.6475732921682996
-0.1790854755736447
-0.08513631492101101
-1.1047737037443142
-0.7994709667592788
0.4066007088502692
-0.2666709004433781
0.41741581980206727
0.7701328254634213
-0.28151132950144475
0.6181422613030705
0.7665829853922248
1.0736967211744788
1.1741003632834104
0.7400407792118936
1.026194409544689
0.6606755953939426
0.7822598377216464
0.37116999434424924
-0.4472721189379897
-1.5634646189431212
-1.0308479522838732
0.30692513144216443
0.6142101988762495
-1.5202489924242888
-0.7315856063123489
-0.41220898215117496
0.07601869301545296
0.31853607989859756
0.34132089171196067
-1.6661451509806984
-2.4195002429607015
-0.26896513067183847
-1.6252857454680285
-1.3165263421495883
-1.9227411293364767
-2.6752721820121965
-0.8495456485131616
-0.509119233827394
-0.8588861254092306
-0.1383020695958012
0.3430086229186312
0.35265158799034985
-0.14554106149130155
0.2438282607676385
0.39429398391693027
-1.2955948040684278
-0.401992357324894
-0.13280125926818154
-0.2374014491984175
-0.559804806483294
-1.938776890887582
-2.522737624431001
-1.64917308942208
-1.2516756304024776
-0.5861893335149156
-0.2712701662820889
-0.35676428379172664
-1.8039608786890313
-1.1373420915157904
-0.178527239948404
-0.19645542667276236
0.07037211662594625
0.27040817114726756
-0.21949830529987063
-0.8890931086803767
-0.891037037404806
0.3801621544630656
0.5123382660238062
0.17399977649748513
0.31238104906284253
-0.2754999710533737
0.21525997450360873
-0.08184485724465644
-0.01479969788805223
-0.21091668995659166
-0.19648482524151525
-1.4949385146836072
-2.0452873959533586
-2.3394694318139257
-1.730925033985673
-1.225105066425752
-1.1679120289608493
-1.6804881263771196
-1.6410068416547365
-1.2158176924054704
-1.7010009679497349
-2.098481543823549
-1.428960438815915
-2.121606208578957
-1.6060517125598923
-0.036632790397357354
-0.8694403880774981
-0.5516229640425883
-0.30988615094986194
-1.039239076831834
0.20898089901716377
-0.3677759956016097
0.3233647116593647
0.8782879649596327
0.8586725026079963
0.2911525788182163
-0.2581955528736608
-1.1333371458658694
-0.31017842766282133
0.10434249259996466
0.172410366325555
0.19105099633319714
-0.32616233659755645
-1.3160896792502217
-2.1487542049324917
-0.9280430070294213
-0.9956203011014703
-1.051584642089735
-0.7137751620470549
-1.702941511453471
-2.5993602336516197
-2.6900419084299525
-1.3127032068953175
-0.8386482044548181
-1.0020936355772754
-2.0440797319844544
-1.2997334699843837
-2.283315192756909
-2.05301810517197
-2.0847871205277375
-1.1967919423155782
-1.3754858051765617
-1.7438784264090657
-1.7891629167500696
-1.97986421031708
-0.751140325362408
-0.19281219139457792
0.26954604928574477
0.1867886183911565
0.1466004955961931
0.18063650519379057
0.18096948611187963
0.06472771935094787
0.10822153926931258
-0.8043401898236135
-2.6700061667080885
-1.0751302883122211
-0.40272118448905214
-0.8705720720404766
-0.8149027237879625
-0.7620914642026292
-0.5316765643936334
-0.7911080096208138
-1.2142089962936058
-1.243846421110863
-1.9966577555395435
-2.539571223274548
-2.5350712902231503
-1.710811775369083
-0.9929823702020045
-0.8539465946588538
-0.15163932196707183
-0.3726530483357801
-0.07005551332051159
0.22117843481885568
-0.7735499580282503
-0.1617055121716813
-0.2509338229843172
0.3056644852511276
-0.06381473904563256
0.4725200747788516
-0.09193046233158245
0.34035327911274976
0.40534788784101095
-0.11156879448501512
0.24989885565955408
0.30994208965195896
0.4073187953472095
-0.570069302243508
-0.006953795253935992
0.23381201630093973
0.21187724364421295
0.3465629461087225
0.38823222539019586
0.22896656766210616
-0.17834215894596606
-0.42640250321922596
-0.5603166075949356
-0.39097750907549345
-0.2932537188043146
0.28870200479761654
0.44267211704095755
-0.35280754079966475
-0.6646428921352949
-1.8281178459168488
-0.00218944588039716
-0.07385955270099884
0.286437915737633
0.1618634404303627
-0.03387287313677887
-0.9149030033193756
-0.7452641558909813
-0.9601133151824924
-0.055809842893597805
-0.4335613561514939
0.018173562168579314
0.1062431331725337
0.3623439094988971
0.3887709445776976
0.22122323681746514
0.3154802436800237
0.22437573201455427
0.23341826597841206
-0.0002032361230236995
0.23166910324869758
0.2590555712607348
0.2975795596935137
0.11048117858011879
-0.2204568230328719
0.18856393474621244
0.2420901970232114
0.13641846267866362
0.043016552501299564
-0.05674200934286836
0.2792216377291003
-0.22009238671807574
0.10257642137941593
0.18486097775125454
0.11685199913718136
-0.9625272127620402
-0.3891279808000374
-0.31351475815052854
-0.1554602643735686
-0.08459365716858434
0.025908308294678682
-0.1074254384701798
0.11056845576647649
-0.1259384111280775
-0.6489588887437939
-0.7337449575075392
-0.502136706460344
-1.0173340328134348
-0.21824918518826883
0.52561441284777
0.4264764512235197
-0.379773872470015
-0.9223050465109256
-1.223965224994233
-0.6024305101769141
-0.2235934348639838
-0.03246777243915748
-0.24833584851651416
0.04774031446697925
-0.5398772800248555
-2.0818944823086407
-1.655507728228185
-0.616071056195941
0.015680398137867264
-0.048337229837343725
0.27038349613555607
0.027992794179278465
-0.0722577200703911
-0.2121551757972964
-0.004195070462206708
0.1846078656806576
0.11344785881943154
-0.5886372136247789
-1.2196078319361272
-0.3687550691936074
-0.3423416928936756
0.09573349022017602
0.05488077071754965
-0.3703370213682431
-0.1253120828806808
-0.2742661154299052
-2.172331818897383
-2.18551604391016
-1.7468175239106363
-0.13893286023319648
0.00282568657420868
-0.3658222341449719
0.24024795010616096
0.39929567255997234
0.35287294341395764
0.15464487415031306
-0.3805178685215314
-0.37513489265348005
-0.2096557421945144
-1.1225011128485376
-2.2192625307284466
-1.319549726381349
-1.2709962249518367
-1.0897273593646901
-1.4533771087559306
-2.459739136216615
-1.515054322867393
-2.2349293802944863
-2.308455309213121
-1.3430546399258583
-0.30790986305274715
0.22560017863743198
0.20086246537421018
0.159829789395443
0.20298823354825948
0.13163492687681344
-0.730735332830082
-0.7358052109129987
-0.16931511467420932
-0.1377300025688035
-0.5115273446319042
-1.8152352893623016
-1.1305905230149014
-0.10015140979685394
0.10751728900540501
0.5495034163570095
0.3980194650992128
0.2059249018498705
0.5295320569550738
0.6700102929701647
0.6485144490724207
0.7443906726360767
0.29507951932715304
0.5849367666858042
0.7597899388813281
0.948847147254724
0.022384206501942356
0.3203511616622199
0.456659376505963
0.47592583787603326
0.2938042746635677
0.265085618337925
0.08465274558575249
0.34614735511254346
0.3825607728803871
0.11504663457166593
0.38870917123047044
-0.09475523629710653
0.12257420919008162
0.2348795337532049
0.024716838405005145
0.3097477727743836
0.575546838415509
0.5576208000488713
0.13452335084996134
-0.31594131369510486
-0.04665493288575496
-0.7031322146778927
-1.9449340550009044
-2.3556628261807506
-1.1983985243822521
-1.4164861643822642
-2.352621304784439
-2.516739193740204
-1.0065974176467476
-0.2859377285598076
-0.2719393824469877
-0.12803495377458024
0.17797028844003646
0.16290260371741494
0.2513762603291185
-0.7509007644825365
-0.7539701355509639
-0.15100858847818888
-0.18966716139050468
-0.2195913778474371
-0.1715158827685573
-0.4068362150169656
-0.054864525692217656
0.03545666995972035
-0.7699007150522834
-1.495139749588682
-0.8275007247893872
0.3041153025152608
0.12466501789785513
0.19974267434771084
0.3153804949952462
0.7173628957024095
0.24028803002303772
-1.1254684316594066
-0.6056347316577773
-0.11026115914219951
-1.2477061527464808
-0.15840383347479142
0.1892326545086527
-0.1021439534110453
0.1949768833808519
0.11675618810241466
0.09615687810608203
0.224263569893905
0.09105417874529959
0.13075180939602202
-0.18848506010604962
0.22119070545950242
-0.10775619290968357
0.09620868942927373
-0.19856961264101983
-0.015850160808563947
0.1425822838608054
-1.5892021382519874
-2.4760043966143694
-2.0979918695070277
-0.9694497346805004
-1.1227167201205743
-0.3684830956758206
-0.3199122721219723
0.1180497921076875
-0.003399681823904527
0.097345871818409
-0.23693833917541504
0.0063806283545206855
0.043094016375244154
0.062378855861097746
-0.7821325401117799
-0.3062058921782302
-0.48635371938016275
-1.0400350155496492
-2.0826679043188228
-0.804565796377125
-0.18057887516190854
-0.7211459056929455
-0.4444631393639651
-1.8438835092433894
-1.957755829028677
-1.497912744916031
-0.43524089400173244
-0.547672954371773
-0.22367871270799455
-0.6734291568852592
-0.5768628642405231
-0.21419757246273147
-0.09895602519059464
0.03382892294353828
-0.00024531274377257627
-1.1222339306301674
-0.3600954876078073
0.0470613244558177
0.10551855324265744
0.16265453854763373
-0.19865044451542857
-0.4288448590674257
-0.4445259589908282
-0.9944210745311094
-0.6418300067425731
-0.32246147305572304
-0.4708840277668291
-0.41561885906173
-0.09756867437882102
-0.09218925550293934
0.21115658262838083
0.6158482440871068
0.5580276393277551
0.5985990900107542
0.4812334601188056
0.6684726167290391
0.40325923364282595
0.10344526942923533
0.004429205064922324
-0.19795540199441958
-0.6299429793618534
-0.09308485601503733
-0.13538921440709936
-0.013073746827515087
0.4469618910087882
0.4796598991858252
-1.218844064417142
-1.7007535240922778
-0.0004983983166335652
-0.8616733756686984
-1.3512948141421632
-0.6704669240495738
-1.170636414488848
-0.8385044578324311
-0.38928268473447786
-0.4047736692701324
-0.4184608053025623
-0.8034374509730402
-1.134610184915888
-0.766259847547708
-1.985967259701126
-2.424305934360438
-1.3279685799654766
-0.5339015882439032
-0.06582647887353033
-0.09381889963373678
0.1669618189679301
0.22320553783230296
0.3591087293847104
0.3036334950288055
-0.09111816255951692
-1.2027573271229708
-0.11022916349232273
0.2727427524906276
0.1960218034744406
-0.022079609721498968
-0.9393896389004424
-0.3525760300508902
-0.37780093375738333
0.1517152197764402
0.2619118283126838
0.10951961150120937
0.3619057814522728
0.22849646377070845
0.07112032354543217
-0.12526767626488083
-0.8410008552626737
-0.3783686911307287
-0.49607559531490864
-0.14676652295155362
0.03974942751323489
0.32084131109158875
0.03477845539152187
0.49181900346515395
0.8165558339977423
1.0264018415201999
0.60405302223939
0.7962037901885619
1.1983693922384537
-0.47974540067946253
0.5315588876093179
0.4112807616174846
0.5221984665388129
0.20047648358577855
-0.01653520559530443
0.3617113976781902
-0.0014893872826152214
-0.2084539097500545
-0.4906730031439887
0.07569275396947263
-2.211368266369843
-1.5281946700298585
-0.26259119123623414
-0.30787123177111675
0.2238088912945617
0.334702281871006
0.4565915524108211
-0.8504266015334841
-2.1165872424659753
-0.8578434206248183
-1.5592260140720953
-1.6184901732742445
-0.434761435303287
0.09578173756610925
0.4563832772413186
0.1412468796744
-0.007533587172020243
-0.7000409759545337
-0.09685115137255192
0.1820256401828589
0.13868678350207883
0.10979944276408422
0.3605392776946707
0.5328255265411878
0.16289206660976022
-0.3286550221192532
0.12611114132258408
-0.9701184146884837
0.11196137901291428
0.19165782346117483
-0.17151475323826315
-0.5324051307347898
0.0894688677359108
0.3284732689976084
0.07567425228892431
-0.7365800146148255
-1.0363133340642563
0.42181110063865834
0.8329605322008574
-0.42848176193678195
-0.5200755126236484
-0.09400926399242603
0.3388231567124599
0.6449011308875344
0.4130740372354818
-0.5717119811330595
-0.2875756033652139
-0.12409672467986767
-0.23532028423132856
-1.6257327333171958
-0.19414991054521707
-0.2699323738606717
0.21173544174910985
0.09112673761236507
-0.508284091990552
-1.3601667086722302
-0.1120194463405648
0.4197455673586066
0.36134667653312197
0.3492342097327658
0.6103217625396379
0.7649279621545513
-0.43403269240053427
0.28292514550608655
-0.3782941725499878
0.23596211536188036
-0.33119072420432594
0.8323556024466224
0.4490068147120801
-0.6413023568125384
0.04866221034178271
0.14443183120689593
-0.13231229143413653
0.26411564147315625
-0.39500142440523867
0.6247568112096622
0.82991906729655
-0.14653293295171782
-0.635759731794977
-0.9773420788338958
-0.9956525735670549
-0.7118536760827132
-0.7277314519880959
-0.1136446129313144
-0.06343191302400535
0.22712343509949726
0.13030259840730157
-0.03312408615476649
-0.48202868265162974
0.19722003525491544
0.1550336375674578
-0.274663514579403
0.337827929152994
-0.1545072763104773
0.39228057856780085
-0.09102319160256662
0.5549645072953727
-0.3792014319840669
-0.4858495086353684
-0.09025618377179934
0.05408406746597594
0.06600736294459313
-0.20468449502796468
-0.5298345763761033
-0.22167422397577494
0.24963281331524295
0.3985859614212337
0.5617082013581666
0.47103605914231306
0.18915497512767337
0.4767509562747911
0.5590597769135938
0.9032003914780532
0.5388033626540005
0.5095393046699969
-0.9047332448479317
0.05103914249457321
-0.7794027736744165
-0.1700616753766299
0.17257818489881283
0.2841464166626818
-0.09833154568656977
-1.0088888169782844
-1.4740997772706552
-0.6225508455269563
0.08887365168486124
-0.11831331409463965
0.11837390729159045
0.27207832278787725
-0.2282285680328935
-0.2621921455544305
-0.11272801640008596
0.1637313615029027
-0.08049023709846807
0.30552624007069645
0.21910136844433298
0.8946007921653327
0.7479552442079583
0.741219953496003
0.8448593650349998
-0.36392533977109875
-0.5080626817416684
-0.4104191213440981
-0.16463680390753058
-0.3269141645891406
0.28469787043542916
0.46603808981443356
0.8059900972397039
0.8318637894333906
0.699753187458665
0.8560311621790885
0.4565090071114758
0.773300336012998
0.7081662523797131
0.5421290106171556
0.2558905721293901
0.20471058635702094
0.13824218928750753
0.1416872858895712
0.32156880989238973
-0.6519208555381951
-0.09558816187576469
0.1499418901756079
-0.439630973473697
-0.5469254765190328
-0.7778792736443234
-0.3392384575416076
-0.9095742638934743
-0.15582732449349146
-0.1256405963321031
0.13058149344435135
0.016028727404134004
-0.2993305713379034
-0.07882004069983836
0.03540170900323616
-0.41170875536999635
-1.1033494951147045
-1.2084555410510267
-1.1342702349496354
-0.9355739406085775
-0.4554889566380257
-0.2909655454968032
-0.3928101393894365
-0.5479556375637982
-0.5199197985008153
-0.38574621837992573
-0.09908739533066319
0.020790926388046468
0.2079743820035039
-0.250368396939825
-0.014257552871860136
0.03524578404110803
-0.432288500485091
-0.43669145960774686
-0.5741973683525068
0.30468576570929823
0.4733953370524345
0.31330704875097987
0.4212934475345343
0.3705974924182742
0.08682979734989758
0.3647485148943664
0.16280895594927303
0.3835035318874234
0.5846227507787018
0.2789379989660613
0.310264995126748
0.3373276099584078
0.2444656592731489
-0.4062663735846631
-0.4145315726434179
-0.09553595094424619
-0.33861272400761183
-0.3088736904613414
-0.12532026549520198
-1.4524860994459272
-1.241993928517576
-1.5276947525672209
-2.0785056466419434
-1.9486221673604927
-2.30812756189719
-1.5000643347011546
-0.49546834198492046
-0.0020793220594434825
0.07519282585372268
0.1991181648016582
0.11513789062326102
0.20251908808961233
0.27350346960253835
0.3779772298416966
0.33341691770103243
0.12668358489144815
0.14362515274029972
0.06464428155608001
0.2649876078019844
-0.38739082541070696
-0.2105634927241499
0.2951680996164282
0.1914567053566732
0.049062240666452754
-0.4818932635125531
-0.20209603505628831
-0.1542207627124883
0.2915373056446094
0.39946328038093326
0.4501507783365402
0.4707579897414064
0.3607642819415769
0.30010029216853557
0.6305784923528661
0.35774101715471274
0.057806613587164817
-0.09386315377959771
-0.054861534306292294
-0.48428846718999513
-0.1486614771966706
-0.5121958891655035
-0.20332930866858967
-0.6860466293510039
-0.39850457263918065
-0.5943263692165488
-0.7148715289667946
-0.5233847269926936
-1.0618683940097071
-2.1541593942035586
-0.9798595941709005
-2.148194301599639
-1.5673553098846975
-1.781166162315246
-2.3774838384283616
-2.273342177556904
-2.2857120874988164
-2.4415371275832713
-1.8413100375615865
-0.6075447136856926
-0.060835393178978334
-1.6023305428968868
-0.4970171497255739
-1.3326639058254532
-2.115081583726909
-0.7079230590301215
-2.2965986856065785
-1.216563048795658
-0.727772709264709
-0.25981563817273456
-0.39236564041733235
-0.9337876446932275
-0.5251287368358355
-0.9471573932023712
-0.9929482042531208
-0.9699230655505563
-0.8468060373390582
-0.89718013795339
-0.7575442655203641
-0.2289922111359587
-0.17791201779704488
-0.30870223748338915
-0.2374032774952928
0.07043535990410622
0.13286668692822892
0.01418760488034647
-0.201276743993694
-0.2876072780672797
-0.22252946602612547
-0.14829151258353582
-0.2290612382115472
-2.403871940780711
-2.2617398889882905
-0.9962625608660749
-0.16645625239894193
-0.7390127873868574
-0.5642597280364736
0.006408870674810393
-0.02654377085964266
0.03438558401928804
0.19739755892567912
0.25222345312522176
-0.9067819518514144
-1.3100668302224123
-0.6199494433799045
-0.104392916651796
-0.8533873289279801
-0.9967735888931859
-1.1842968726569874
-2.3886767440676273
-2.2451481821751007
-1.1446432931923969
-1.059222456356784
-1.0229168059570126
-0.923528533923462
-0.790491363624229
-0.2100122706602264
-0.0032931816851861835
-0.6076742718298558
-0.8509478529858258
-1.0829369597426675
-0.8804525150561078
-1.187568728222888
-0.09802877385666704
-0.14620761617635195
-0.777701993674809
-0.05775599964277774
-1.0607513804734716
-0.2299806228585953
-0.045370364032070946
-1.000877616863886
-0.9294774855691238
-0.8785570571577046
-0.351838708336726
-0.8395904114487939
-2.053527134208315
-0.9036669290383684
-0.7245105335776263
-0.7954470701081575
-0.9685531244312587
-0.5180297111948423
-1.7112093621189564
-2.2214568851269365
-2.5108872990996987
-0.853302035386352
-0.03213413547905698
0.09814941446060553
0.4488345233326204
-0.2553116054689889
-0.8497437286534307
-2.5388090751638273
-2.160550444790768
-2.5304870127546857
-1.5861419239311187
-1.2109739447610615
-1.0553913939031947
-1.137140363259493
-0.9898310043170109
-1.9402419368913877
-0.8539089158366436
-1.8115208221254366
-1.6580189799130431
-0.6168238141498394
-0.1365147934341645
-0.2843373762836857
-0.5961551266749627
-0.21295863429701645
-0.9261436685476673
-0.5629008944823772
-0.5976418169063294
-0.8275220259132174
-1.0191623015737146
-1.367864942224741
-2.177171830500366
-2.4470156783191777
-2.232137953426884
-2.3566151568613667
-2.1182901374546406
-1.0170080333607006
-0.9954986745927877
-0.7248528447768897
-1.0581129763759827
-0.8302121378082463
-0.5816542581972735
-0.1876900943462893
-1.2650771450553202
-1.3203678423975311
-1.6285234678339304
-2.3112882989683725
-1.1492238129411598
-1.2243004983878956
-1.7950735637621826
-1.4271526237121708
-2.290867889155469
-2.42757965450074
-2.128157322535423
-1.4769837219814907
-1.2840199738737117
-1.4403060266611238
-2.3626824288056394
-2.1782508786233383
-1.192684166645026
-0.9986309605170804
-0.8703963860480504
-1.0650296524185154
-2.2076608759820964
-0.7335181647241737
-0.4120920752970215
-0.3531802543587521
-0.3250848824155678
-0.5901945564970168
-0.6374980892557195
-0.048467181653100856
-0.6677123478656058
0.015910910260035126
0.18628651074002187
0.1461777426447659
0.37040737145621316
0.34733210956397564
0.32196295726252866
0.17744218128227368
0.1620148069534811
-0.4962285883474281
-0.04354751023262118
-0.7677193619346452
0.24498238630234684
-0.5715915581105089
-0.213309547111976
-0.03999824557402241
0.12974390699749072
-0.04750257032519115
-0.23954488989216186
-0.5753055064529878
-0.9940468551007468
-0.49413681322244973
-0.08297462433760495
-0.40044447320485027
0.09080176855130376
-0.5125850604487012
0.04570102664363171
0.11810428251026145
0.06802740729817344
0.16720408870724182
0.17171194805603743
0.17744195883254535
0.19325072472036062
0.19084386076966314
0.09141334036697953
0.0982767225720058
0.017626645000096385
-0.7896088957369206
-1.4745653690166494
-2.046586949067385
-0.7526936270482364
-0.9834623281915373
-0.5997411152383869
-0.02568648166033001
-0.10495121328742787
0.14154290755567406
0.013811186388056475
-0.03163072587781082
0.23272595645171162
0.1555117659583487
-0.0960599137966114
0.16492331582658665
-0.03315247390476681
0.18730873668640058
0.34041253841877245
0.5663742101358462
0.35958802326954586
-0.01609107121800506
0.08431723019334239
-0.4619037134588848
-0.12910503823874056
0.029713177462968126
0.11906732324181034
0.1497736685403493
-0.020207616630595615
-0.13027987766457358
-0.22878445476491158
-0.15840246982764666
-0.11749823870372307
-0.28400249838803593
0.19498640965328898
0.2563053982337385
-0.5667078138214658
0.19147378858898045
-1.4979781229138385
-0.4639769579455329
-0.08938466526876815
-0.049000137281811774
0.06684637679566889
0.16681305233746022
0.12791525968894218
-0.2554296610598132
-0.018280195943726648
0.2728843920385864
0.26625018430482317
0.28353427029648576
-0.24716220134173927
-0.9811804413654444
-2.2949707177256955
-2.5991070188384824
-0.8809628423197166
-0.12903145355972326
-0.17366260449426807
-1.0387140597078486
-2.5375310243320035
-1.9267043888362259
-0.47511215977504645
-0.49683200794361615
-0.6415514242074493
-0.3768094820600863
-0.7033301354683376
-0.3946554599723113
-0.23661582492571884
-0.2613886629357364
-0.29600211784414643
-0.22547823073645057
-0.15658057699606673
-0.19394489323101488
-0.1489389587361039
0.09994669174984515
0.22534315973111538
-0.16213913787932305
-0.08660834441411934
0.5653554903944965
0.5902266229133555
0.7237078919094783
-0.3993740772038509
-0.2964064845052456
-0.2524256623623065
-1.2920092430208756
-2.0997745413532334
-2.6057158119464465
-2.684077240521189
-0.9713661099120892
-0.19398460423125644
0.3742796771905407
0.2731275040322767
0.3652197668844632
0.522387078314792
0.28037051670521146
0.3804674896088773
0.15291707511146316
0.4714091073456882
0.5078596458818586
-0.08896371983443202
-0.34213339315740054
-1.142714433230009
-1.876248304542025
-2.1429906539274284
-1.8848726413874495
-1.0424417041509433
-0.9821686325821928
-0.823567399512826
-1.9327884240854556
-1.0994356156244707
-0.047911101462863634
0.11261525496634872
0.5132937535729509
0.16326544812873223
0.02050459499242171
-0.03363371548389349
-0.14012542624798152
-0.24016537925372164
-0.0458174299515912
0.18598850224097105
0.20307059454412793
0.16496910670149437
0.009952487576290789
-0.5086190053480262
0.34573393869230307
0.4128663368367893
0.8345727876801181
0.8196835584660768
0.9049359900327929
0.7859228212244005
1.0169568363077055
0.8865796112522434
1.1513333997477506
1.0213442568988624
1.0216610999875535
1.2142285562927355
1.1865128628120332
1.1387888041436711
1.1050593189476008
1.2478978952626738
1.3292608497027691
1.1235335322152968
1.4100957445693925
1.2627452777007593
1.3823590684060234
0.976123383051115
1.5573126349206579
1.4595705471411153
1.225526417306444
1.3669728664276286
1.3137754175674097
1.1727124478036675
1.3100091669726535
1.1505969387652408
1.1409618722658665
1.3863149163317257
1.0474555097593745
0.8758327673319264
-0.052873981841371646
-2.2215692671794045
-2.2749051698417357
-2.049878354221678
-2.469951491035815
-0.25701955674758575
0.33642663595209193
0.30353758971943867
0.10598260576546616
0.3607296646591633
0.31529771697847875
0.30056957931373257
0.5300550240386286
-0.21296016375790058
-0.00790143128592481
-0.30865187642880854
0.025563331661556454
0.43433470056977586
-0.412024882948201
-0.5268933390254622
0.10105047095038419
0.45069605047108785
0.6952438556095193
0.009424980590279675
0.29665218893014994
0.15738909855055114
0.7328946010828016
0.8479003017605903
1.0337682245548643
0.9087842413931794
0.2741581962334902
0.8359178987592724
1.3172506238908304
1.207216993087099
0.7392857268349429
0.7509875630298534
0.7016098968569312
0.9994618841285868
0.7364143802191849
0.8186273720959959
0.9662036665995366
1.026977645553212
0.986068712701345
1.0497668690234738
0.982736023407532
0.3342717970231052
0.6776285370844356
1.0261858600883922
-1.8807745044665707
-1.2874007734055526
-1.2453562572116457
-0.23648154992003442
-1.1308256876752425
0.10939325603972662
0.16530202310107026
-0.008096702409161381
0.8132861896060374
0.7035381969756839
1.0494605177741942
1.1322524975627999
1.2111516035121215
0.8729802511371384
0.552175161155804
0.563978949253177
-1.0761653075785096
-1.5230153560411706
-2.2957889226911994
-1.9490637075243238
-0.04540489841168276
-2.0107719981623684
-2.0751504406853916
-0.711808452882945
-0.44539574243646923
-1.5690480840970393
-2.491412183522442
-1.6071288257609078
-0.805253444385701
-0.33204056987192515
-0.10294193775458378
0.04288206958702368
-0.09527859255735302
-0.3959558210405775
-0.44927987987329804
0.028529689815085246
0.26379427029631225
0.5899226526904147
0.6965387933785003
0.7233998060102383
0.7821883220123477
0.7125758847458529
0.771852359388835
0.12134520197892848
0.3730282535885683
-0.22716256930443976
0.2993341093196136
0.44271283933223343
0.3130003169996895
0.6190715096069875
0.9359482612542366
0.704436413429216
0.2376652680609094
1.0084911923365434
0.6555229564177769
0.6034133477866491
-0.022507201873691957
0.055517592491102684
0.09747294039951354
0.05836500872237602
0.027127248439724107
-1.3063001474348035
-0.8813045879585003
-1.8570103708384946
-2.19629265283831
-1.224907361808447
-0.882982441008557
-0.8466466038374512
-2.2746915832532357
-0.869626066433034
-1.3761567615786758
-2.1160886421327274
-0.2277850946525273
-0.14510983165709807
-0.32605749607496143
-0.44965317973136737
-1.0203214956527118
-0.9842653580152639
0.06219702543285955
-1.1138903650757261
-1.4815144177669877
-1.8472840825138364
-1.398416497646415
-1.5821377650295003
-0.3188292592746393
-2.198417975182834
-0.8471886593822295
-1.6404520376016807
-1.2301761902580475
0.10185464828474165
0.5855652658057121
0.37140705572896693
0.913470994429621
0.5524987314117221
0.5658732546191192
-0.4814089435917854
-1.4066400572688211
-0.6106134394414164
0.2679707445746521
0.7892856103582133
0.5603535215026135
-1.4457090845912381
-0.30348120102819487
0.35287704226689703
0.3755033106616372
1.0007973149780387
0.9627495090609091
0.7972253384616609
1.1221980847345523
0.7409938104978414
1.0942235653957628
0.7378233316517528
0.7589231112769181
0.6926214231932927
0.7153002031941766
-0.6156459182951539
-0.16639495215266667
0.45869090878061086
0.8990042947967225
0.0761217268858908
-0.7267186581604645
-2.6305223282212737
-0.6261844906830302
-0.0911456008085197
-0.46393866740540285
0.37263758253263335
0.4626294384961973
0.15883134570276716
-0.01967618247416839
-0.09898303318574357
-0.03896136577392565
-0.544906659059738
0.02089010467869895
0.47875968456669354
0.2762690685191602
0.14526976930853486
0.29568280496810423
0.73029552745902
0.42217574309831163
0.2800478709961566
-1.0543172428234664
-0.6461259467706519
-1.3607976169523879
-2.2856012085659465
-2.359666109693505
-0.7858731245884714
-2.343411973756131
-0.5510230452723563
0.4641479652827458
0.5777899575863233
0.6334662984649055
0.3361910103057289
0.5203337766686765
-0.08051194063286807
0.5470336710473707
0.48120577693817984
0.1967078961647269
-0.9775454415890424
-0.2638697014206222
0.07792468054272288
0.04687754655909674
-2.3282106464012693
-0.3912483323099057
-1.5233696318934464
-0.16832023248404465
0.3487377610998703
0.8518274303268638
0.762433747384514
0.5083242543686867
-1.3185840887462215
-0.40509031418951613
0.4452432105752611
0.01013202919139083
-1.7439983277276438
-0.30892192705138494
-0.3272828580292117
-1.0250700202736156
0.29397027329075165
0.1535756381610094
-1.9740930013525089
-1.5850373530868347
-2.594744740687234
-2.287719938724664
-0.7117378240676605
-0.8000491625094274
-0.6211536831596141
-0.5105959795122725
-0.4038947169078976
-0.572113060820228
-0.4632658360783043
-0.251203199280588
-0.5435615681280751
0.11465505884958074
0.06841817139035748
0.1245503364490462
0.16956829393463616
-0.026083107657771817
-0.5467975897567947
0.03354901497709163
-0.4468893032915179
-1.5670314860136825
-0.23795100490639806
-0.3987708047992525
-0.40114812227025287
-0.24383101946711638
-0.6479909819885378
-0.4626744608952616
-0.012656391195259737
0.5397238352486343
0.7294057524722759
0.5802368554750291
0.3286467706728254
0.749680369857823
-0.06778079103792108
-0.25556213829343016
-0.09556130801971807
-0.49134678085910277
-0.24011975898451743
-0.1629873425385357
0.19968182537664406
-0.1889363237128643
-0.5808878011147731
-0.3702544867304519
-1.7323228604243064
-2.3252853659872015
-2.313061936080419
-2.382378225542592
-2.517928372001985
